Some Tasks do NOT require you to return or print your result,
so add some print statements, especially to void functions,
to see if your code is correct!

---Task 1---
Tails
Tails
Tails
Tails
Tails
Tails
Heads
Heads
Heads

---Task 2---
false

---Task 3---
8

---Task 4---
[40, 13, 47, 41, 38, 30, 64, 94, 90, 54]
[46, 19, 53, 47, 44, 36, 70, 100, 96, 60]

---Task 5---
A: 2; B: 0, C: 1, D: 1, F: 6

---Task 6---
Please enter a number (0 to stop)
5.1
39
0
[5.1, 39.0]

---Task 7---
[75, 58, 97, 68, 88, 68, 88, 90, 97, 59]

---Task 8---
[3, 92, 9, 82, 0, 36, 80, 6, 1, 17]
7

---Task 9---
    1    2    3    4    5    6    7    8    9   10
    2    4    6    8   10   12   14   16   18   20
    3    6    9   12   15   18   21   24   27   30
    4    8   12   16   20   24   28   32   36   40
    5   10   15   20   25   30   35   40   45   50
    6   12   18   24   30   36   42   48   54   60
    7   14   21   28   35   42   49   56   63   70
    8   16   24   32   40   48   56   64   72   80
    9   18   27   36   45   54   63   72   81   90
   10   20   30   40   50   60   70   80   90  100

---Task 10---
    1    2    3    4    5    6    7    8    9   10   55
    2    4    6    8   10   12   14   16   18   20  110
    3    6    9   12   15   18   21   24   27   30  165
    4    8   12   16   20   24   28   32   36   40  220
    5   10   15   20   25   30   35   40   45   50  275
    6   12   18   24   30   36   42   48   54   60  330
    7   14   21   28   35   42   49   56   63   70  385
    8   16   24   32   40   48   56   64   72   80  440
    9   18   27   36   45   54   63   72   81   90  495
   10   20   30   40   50   60   70   80   90  100  550
   55  110  165  220  275  330  385  440  495  550